% Coding: 0=no party, 1='m', 2='fp', 3='s', 4='v', 5='mp', 6='kd', 7='c'
% Use some color scheme for these different groups
       
       1
	   2
	   1
	   1
	   3
	   1
	   4
	   3
	   5
	   2
	   6
	   3
	   3
	   1
	   4
	   6
	   4
	   2
	   3
	   2
	   3
	   1
	   3
	   1
	   3
	   2
	   3
	   2
	   5
	   3
	   2
	   3
	   0
	   3
	   6
	   1
	   6
	   1
	   1
	   2
	   3
	   3
	   3
	   3
	   3
	   3
	   1
	   6
	   1
	   3
	   3
	   1
	   2
	   5
	   4
	   3
	   1
	   2
	   2
	   4
	   7
	   2
	   1
	   1
	   5
	   2
	   2
	   3
	   1
	   4
	   7
	   3
	   1
	   3
	   3
	   6
	   5
	   3
	   2
	   2
	   1
	   3
	   3
	   3
	   3
	   6
	   3
	   5
	   4
	   2
	   7
	   1
	   3
	   4
	   3
	   3
	   5
	   6
	   7
	   1
	   3
	   6
	   1
	   2
	   3
	   3
	   3
	   2
	   1
	   6
	   6
	   3
	   3
	   4
	   3
	   7
	   3
	   6
	   3
	   1
	   2
	   1
	   7
	   3
	   3
	   3
	   6
	   2
	   7
	   6
	   3
	   1
	   4
	   3
	   3
	   3
	   2
	   3
	   3
	   3
	   3
	   1
	   6
	   2
	   3
	   3
	   3
	   3
	   3
	   4
	   3
	   1
	   2
	   1
	   3
	   6
	   1
	   3
	   3
	   4
	   3
	   2
	   2
	   1
	   3
	   3
	   3
	   3
	   2
	   4
	   3
	   1
	   1
	   6
	   1
	   2
	   5
	   7
	   1
	   6
	   3
	   4
	   3
	   2
	   3
	   7
	   1
	   3
	   3
	   3
	   3
	   3
	   3
	   2
	   4
	   6
	   2
	   1
	   7
	   1
	   3
	   2
	   4
	   3
	   2
	   3
	   1
	   1
	   4
	   6
	   1
	   5
	   6
	   3
	   3
	   3
	   2
	   2
	   3
	   4
	   1
	   1
	   3
	   6
	   7
	   3
	   2
	   5
	   2
	   3
	   3
	   3
	   5
	   3
	   1
	   6
	   3
	   4
	   2
	   3
	   7
	   3
	   3
	   3
	   2
	   6
	   1
	   7
	   3
	   7
	   6
	   4
	   3
	   3
	   3
	   2
	   1
	   3
	   3
	   4
	   3
	   7
	   2
	   6
	   1
	   5
	   3
	   3
	   3
	   3
	   3
	   1
	   4
	   5
	   2
	   7
	   3
	   6
	   3
	   3
	   3
	   2
	   1
	   3
	   3
	   3
	   7
	   4
	   6
	   3
	   3
	   1
	   2
	   7
	   5
	   3
	   3
	   4
	   6
	   3
	   3
	   1
	   3
	   4
	   7
	   3
	   3
	   6
	   5
	   3
	   2
	   3
	   3
	   3
	   3
	   3
	   7
	   4
	   6
	   2
	   1
	   3
	   3
	   3
	   1
	   4
	   7
	   3
	   3
	   3
	   4
	   2
	   3
	   6
	   1
	   5
	   3
	   7
	   3
	   3
	   3
	   4
	   5
	   6
	   3
	   3
	   3
	   1
	   2
